3.556786135
6.379351548
8.534670178
10.20164394
11.45404036
12.32364913
12.88669221
13.20316198
13.33218951
13.32871414
13.2317517
12.86516762
12.38757905
11.9033703
11.46040095
10.89725892
10.41012033
9.974022151
9.483084302
8.972388826
8.480549146
7.985750956
7.52477896
7.150534613
6.684753595
6.267921973
5.839672021
5.444524017
5.058993742
4.700020138
4.350187869
3.998236193
3.681483815
3.370587057
3.072006152
2.78721636
2.520488968
2.27682857
2.045737116
1.833348204
1.64039322
1.465301737
1.313084173
1.189188722
1.073513349
0.9717487479
0.8821643333
0.8003025233
0.7175706469
0.6452837605
0.5823079821
0.5268349761
0.4742532375
0.4250786616
0.3810311617
0.3402591557
0.300393044
0.2667725711
0.2391003096
0.2077689533
0.1797031482
0.1590877184
0.1407787334
0.1212805367
0.1077438825
0.09490652823
0.08412878241
0.07227257516
0.06171986961
0.05432974066
0.04853482984
0.04240187148
0.03807268987
0.03358080564
0.02964413299
0.02752883198
0.02429985115
0.02049833786
0.01861384173
0.01641314022
0.01423852542
0.01206698288
0.01078133774
0.009458675313
0.008557398493
0.007764698561
0.007213135671
0.006328037499
0.005677857245
0.00510438438
0.004594475317
0.003772998787
