0.004003466243
0.008006932486
0.01201039873
0.01601386497
0.02001733121
0.02402079746
0.0280242637
0.03202772994
0.03603119619
0.04003466243
0.04403812867
0.05204506116
0.06005199364
0.06805892613
0.07606585862
0.08807625735
0.1000866561
0.1120970548
0.1281109198
0.148128251
0.1681455822
0.1921663797
0.2201906434
0.2482149071
0.2842461033
0.3242807657
0.3723223606
0.4243674218
0.4844194154
0.5524783415
0.6285442002
0.7206239237
0.8207105798
0.9368111009
1.068925487
1.221057204
1.397209719
1.593379565
1.821577141
2.081802446
2.378058948
2.714350113
3.098682872
3.539064159
4.043500905
4.620000044
5.276568508
6.029220162
6.885961938
7.862807701
8.983778249
10.26088398
11.71814569
13.38759112
15.29324105
17.46712322
19.95327576
22.79173332
26.03053751
29.73774725
33.96540761
38.79759136
44.31837131
50.62383064
57.82606641
66.05719301
75.45332828
86.19062475
98.45324185
112.4613702
128.4592213
146.7390482
167.6171247
191.4657731
218.7053574
249.8243005
285.3710773
325.9702284
372.3503849
425.3322571
485.8486529
554.9765045
633.9368692
724.1349636
827.1681709
944.858068
1079.294464
1232.855419
1408.271296
1608.640778
1837.522947
2098.96931
