0.01138895331
0.008053215721
0.006575431849
0.005694498917
0.005093321934
0.004649552317
0.004304655415
0.004026642567
0.003796360918
0.0036015499
0.003433948633
0.003158783789
0.002940677764
0.002762295575
0.002612879609
0.002428216144
0.00227788227
0.002152409858
0.002013412628
0.001872457355
0.001757492529
0.001644009535
0.001535861784
0.001446594402
0.001351842567
0.001265692058
0.00118126975
0.001106525262
0.001035742001
0.0009699339755
0.000909448385
0.0008494808976
0.0007961371655
0.0007453388297
0.0006979578209
0.0006532715166
0.0006109949559
0.0005724897804
0.0005358495343
0.0005017456851
0.0004700605559
0.0004407097252
0.0004133591376
0.0003878622077
0.0003641702937
0.0003422783422
0.0003221938965
0.000303745893
0.0002870378907
0.0002720147012
0.0002585986521
0.0002469178935
0.0002369829004
0.0002288153686
0.0002225162228
0.0002181529307
0.0002157849253
0.0002154846713
0.0002173058325
0.0002213069735
0.0002275175635
0.000235990907
0.0002467744707
0.0002599290281
0.0002755437594
0.0002937503407
0.0003146900377
0.0003385951743
0.0003657183862
0.0003963943946
0.0004310123623
0.0004700665798
0.0005141030469
0.0005637865775
0.0006198817286
0.0006832925343
0.0007550442921
0.0008363149814
0.0009284895618
0.001033134106
0.001152034449
0.001287257671
0.001441150499
0.001616416197
0.001816128789
0.002043794218
0.002303434534
0.002599625634
0.002937620086
0.003323377299
0.003763740312
0.004266496885
