49.55899737
34.9291289
28.48999475
24.66135678
22.05228553
20.12813442
18.63367967
17.42964841
16.43274042
15.58967415
14.86457226
13.67454372
12.73167652
11.96080865
11.31531928
10.5178349
9.868855064
9.327391908
8.727793397
8.120030977
7.624577735
7.13576401
6.670206752
6.286164957
5.878807731
5.508725023
5.146392603
4.825917908
4.522759104
4.241252278
3.982858472
3.727063593
3.499901994
3.283968359
3.082957425
2.893782046
2.715218557
2.552973515
2.398964712
2.255969921
2.123426785
2.000899358
1.886897413
1.780697814
1.681961328
1.590501409
1.506154203
1.42796664
1.356101939
1.290009162
1.228960714
1.173096469
1.121984317
1.075154189
1.032523004
0.9938444034
0.9587831333
0.9271868041
0.8988675163
0.8735731722
0.851258921
0.8317624803
0.8150340644
0.8010682712
0.7899150579
0.7816990595
0.776649813
0.7750921298
0.7774891388
0.7844513104
0.7967540478
0.8153652783
0.8414290725
0.8762889618
0.9214665272
0.9786704985
1.049759768
1.136749232
1.241860511
1.367498731
1.516305178
1.69125374
1.895673692
2.133373024
2.408679138
2.726538407
3.09264696
3.513514181
3.996643999
4.550583287
5.185178571
5.911666846
