0.001911073204
0.002272276
0.002392086575
0.002414353418
0.002420398387
0.002417134113
0.002381756982
0.002336020905
0.002288418761
0.002234981801
0.002179761794
0.002081743978
0.002003413809
0.001928655954
0.00186387426
0.001771239741
0.001691689383
0.001626795776
0.001547490714
0.001459144022
0.001381903022
0.00129812484
0.001225739805
0.001162071824
0.001092926436
0.001032488755
0.0009703016959
0.0009148635847
0.0008605566951
0.0008112536056
0.0007640257582
0.000716571223
0.000673995175
0.0006339710199
0.0005976502714
0.000562709231
0.0005289587098
0.0004976734478
0.0004679088377
0.0004401050787
0.0004150383338
0.0003934020405
0.0003740414562
0.0003561716319
0.0003398248856
0.0003252783653
0.0003125099414
0.0003012688195
0.0002918639321
0.0002839468616
0.0002779384401
0.0002728707192
0.0002688030512
0.0002651850143
0.0002625990407
0.0002618856193
0.000262742229
0.000265250199
0.0002693602902
0.0002744252954
0.0002791188105
0.0002836122647
0.0002878103303
0.0002913767568
0.0002946294371
0.0002970029794
0.0002984564834
0.0002982625804
0.000295756463
0.0002900993774
0.0002801873952
0.0002660707071
0.0002488886752
0.0002295683883
0.0002115931185
0.0001977598367
0.0001907261188
0.0001859068634
0.0001810959474
0.0001783205107
0.0001752168086
0.0001657561338
0.0001584128001
0.0001593159725
0.0001623225394
0.0001633312177
0.0001785227796
0.0002047251725
0.0002326055682
0.0002613380102
0.0002977001716
0.0003307141194
