10.40338261
20.29269954
29.36414611
37.43178192
44.34684384
49.96045111
54.14742252
56.83431038
58.01064242
57.72644033
56.0856119
49.38965701
39.63749546
28.96671087
19.67235657
12.40607142
11.25907261
11.15813698
15.35034729
19.24373355
13.86625808
8.50626319
8.865799811
12.4907173
7.274597102
7.427005436
7.224653559
6.265161306
5.353532235
6.582078569
4.987673092
4.133227085
3.710781824
3.856920383
3.294473466
2.630843604
2.254538795
2.005366647
1.830564097
1.612480943
1.456659563
1.217628614
1.058547325
1.09295546
0.9849108996
0.7319268595
0.6916621727
0.5958578214
0.5142484406
0.535042416
0.4077709474
0.4127441273
0.2994239243
0.2776854805
0.2404504129
0.2484583155
0.2083714584
0.1747825725
0.1424578512
0.1265351939
0.1253756982
0.1113703006
0.08944904575
0.07876296707
0.07045123821
0.05966979054
0.05235535177
0.04667315777
0.04421504071
0.03957377825
0.03552700228
0.02737023662
0.02631540463
0.02181000237
0.01969107593
0.01756666207
0.01605227621
0.01408240766
0.01279637885
0.0120248844
0.01022782932
0.00870014194
0.007978198567
0.006907937282
0.006570514117
0.005905915991
0.005590569025
0.005161028459
0.0043333356
0.003524666862
0.00298982355
0.002912501382
