231.3421466
135.1221816
101.4039472
83.68754222
72.54529891
64.78240247
59.00470254
54.50186922
50.87164858
47.86802244
45.33143579
41.25784095
38.10507139
35.57365099
33.48423263
30.93882121
28.8950958
27.20782693
25.35723615
23.49933852
21.99715178
20.52518752
19.13185222
17.98827075
16.78046387
15.68735173
14.62051886
13.67932621
12.79069404
11.96667793
11.21098093
10.46318261
9.79903411
9.167356601
8.578717835
8.023885902
7.499096576
7.021039755
6.565844863
6.1416471
5.746784607
5.380004392
5.036907686
4.715383135
4.414496067
4.133815578
3.873032658
3.629428291
3.403787473
3.194723195
3.000316208
2.821462612
2.657308465
2.506941912
2.370770205
2.248745654
2.140610569
2.046734892
1.967392287
1.902690498
1.853232877
1.819216074
1.800946261
1.798594697
1.812190806
1.841652722
1.886728615
1.947168443
2.022616875
2.112783452
2.217394792
2.336353859
2.469574219
2.617167217
2.77935684
2.956558853
3.149284327
3.358183905
3.584132996
3.828105076
4.091214483
4.374792305
4.680314376
5.009491819
5.36422474
5.746646327
6.159191137
6.604577035
7.085914957
7.606670619
8.170829485
8.782888771
