0.008339689435
0.005759361316
0.004665780294
0.00402557575
0.003593086704
0.003275936977
0.003030606356
0.002833557
0.002670801551
0.002533437274
0.002415492795
0.002222322177
0.002069626718
0.001945025397
0.001840861875
0.00171239899
0.001608057603
0.001521151739
0.001425089503
0.001327929135
0.001248901374
0.001171113584
0.001097220586
0.001036431581
0.0009721442841
0.0009139411752
0.0008571780071
0.0008071888666
0.0007601233563
0.0007166492485
0.0006769754685
0.000637958809
0.0006035642159
0.0005711320252
0.0005412114115
0.000513331855
0.0004873070089
0.0004639458043
0.000442062044
0.0004220365961
0.0004037644206
0.0003871557841
0.0003719794378
0.0003581121244
0.0003454813036
0.0003340319315
0.0003237090428
0.0003143620421
0.0003059761954
0.0002984516119
0.0002916728675
0.0002856234754
0.0002802244771
0.0002753967644
0.0002711038927
0.0002672941686
0.0002639096907
0.000260912534
0.0002582628266
0.0002559160776
0.0002538477535
0.0002520223521
0.0002504138437
0.0002489983468
0.0002477538638
0.0002466604275
0.0002457020573
0.0002448625361
0.000244129165
0.0002434902547
0.0002429361427
0.0002424583417
0.0002420504342
0.0002417072637
0.0002414253907
0.0002412030533
0.0002410405294
0.0002409403139
0.0002409075305
0.0002409505769
0.0002410818189
0.0002413186271
0.000241684649
0.0002422115551
0.0002429411148
0.0002439278891
0.0002452426911
0.0002469765538
0.0002492458832
0.0002521977978
0.0002560170281
0.0002609323381
