0.002353520853
0.002868137812
0.00334323685
0.003634188923
0.003718558841
0.003610521487
0.003408920877
0.003190478508
0.003015703928
0.002909882941
0.002853509957
0.002762121254
0.002684737208
0.00264681798
0.002557599546
0.00235815253
0.002238514583
0.002157692322
0.002059579391
0.001915417661
0.001830853057
0.001700117483
0.001620744314
0.001523557378
0.001421309103
0.001336656014
0.001249772887
0.001173374702
0.001098346366
0.001034464376
0.0009697817071
0.0009086117578
0.0008517373779
0.0007962322049
0.000747396802
0.0007016304465
0.0006582111459
0.0006155200655
0.0005734737346
0.0005354956952
0.0005051103065
0.0004745217114
0.000446661954
0.0004235831462
0.0004000955301
0.0003757096444
0.0003537094786
0.000333679225
0.0003133151751
0.0002939636494
0.000278179919
0.0002637350514
0.0002518543096
0.0002422808985
0.0002344092088
0.0002267570704
0.0002208875521
0.0002159685261
0.0002119096404
0.0002104385036
0.0002128078036
0.0002179718791
0.0002255067751
0.0002364622868
0.0002497198118
0.0002665438765
0.0002867415359
0.0003116211649
0.0003417154837
0.0003777727311
0.00041930301
0.0004666103361
0.0005205179227
0.0005808121037
0.0006480171203
0.000723793138
0.0008067079062
0.0008975003926
0.0009976666467
0.001110055882
0.001232846397
0.001371279799
0.001531472714
0.001712839002
0.001910272705
0.002126247641
0.002366348759
0.002627734347
0.002910959764
0.003228778741
0.003588573637
0.004019005642
