0.01124995654
0.007955484611
0.006496088465
0.005626178555
0.005032565802
0.004594410534
0.004253900855
0.003979443543
0.003752122781
0.00355982991
0.003394406524
0.00312284483
0.002907624515
0.002731626672
0.002584228088
0.002402088633
0.002253839845
0.002130132858
0.001993123425
0.00185422559
0.001740976594
0.001629227734
0.001522777738
0.001434951639
0.001341777108
0.00125711152
0.001174200897
0.001100850826
0.001031446089
0.0009669798206
0.0009077878657
0.0008491702096
0.0007970930773
0.0007475679107
0.0007014421199
0.0006580076503
0.0006169833431
0.0005796814799
0.0005442449811
0.0005113131912
0.0004807579501
0.0004524804406
0.0004261383741
0.0004015660263
0.0003786864283
0.0003574582986
0.0003378461231
0.0003196309043
0.0003028535451
0.0002873887958
0.0002730694983
0.0002599316938
0.0002478772629
0.0002367983339
0.0002266778045
0.0002174592474
0.000209063585
0.0002014534944
0.0001945808217
0.0001883782511
0.0001828246707
0.0001778643768
0.0001734618986
0.0001695834023
0.0001661967356
0.0001632727986
0.0001607916819
0.0001587324784
0.0001570841539
0.0001558402323
0.0001550023595
0.0001545800678
0.0001545933552
0.0001550731873
0.0001560636989
0.0001576246238
0.0001598329895
0.0001627856132
0.000166603118
0.0001714308359
0.0001774413674
0.0001848383189
0.0001938563651
0.0002047648931
0.0002178677749
0.0002335056151
0.0002520600381
0.00027395536
0.000299667115
0.0003297246652
0.0003647257424
0.0004053428923
