0.002300668017
0.00281370529
0.003319275135
0.003652616087
0.003789297336
0.003746509314
0.003615370116
0.003467347491
0.003352527037
0.003285762018
0.003246486544
0.003147825871
0.003024586974
0.002921468884
0.002776940581
0.002506697063
0.002306823279
0.002152204079
0.002007527105
0.001852141056
0.00173616819
0.001597190567
0.00155339193
0.001487048645
0.001345886086
0.001258706241
0.001184281768
0.001121706776
0.001036485726
0.0009883108676
0.0009214372885
0.0008671025555
0.0008107540174
0.0007613028594
0.0007155907012
0.0006702345317
0.0006277297962
0.0005848573644
0.0005428551218
0.0005067671839
0.0004742178375
0.0004423590277
0.000414488276
0.0003924988809
0.0003694156544
0.0003454552565
0.0003256419069
0.0003083162273
0.0002904406179
0.0002733919476
0.0002595515966
0.0002459538552
0.0002349503993
0.0002245278143
0.0002159207204
0.0002076792409
0.00020086344
0.0001945757838
0.0001893133451
0.0001854602012
0.0001819305564
0.0001786490945
0.0001768500805
0.0001755496917
0.0001736833396
0.0001725643983
0.000171472992
0.0001702919051
0.0001672075161
0.0001631275095
0.0001587816468
0.0001552603054
0.0001524407746
0.0001524312241
0.0001548805882
0.0001585881824
0.0001627253744
0.0001668273857
0.0001691592309
0.0001701321835
0.0001708047964
0.0001723836648
0.0001807272895
0.0001972878351
0.0002180895137
0.0002397071705
0.0002639178689
0.0002884534806
0.000309739479
0.00033411258
0.0003610366389
0.0003869210422
