3.494035935
6.459310843
8.964808509
10.93693949
12.4443628
13.55567279
14.33881658
14.84785831
15.12855383
15.21942629
15.15469655
14.68655282
13.98231337
13.26956036
12.67910798
12.0433234
11.54362944
11.08797435
10.65106106
10.22039792
9.589694066
8.972309683
8.488033241
8.139476716
7.50306696
7.039950003
6.604765498
6.205548732
5.78494773
5.41745008
4.97757709
4.517571875
4.082047443
3.677828495
3.285314331
2.921178418
2.589984722
2.312378869
2.063644532
1.8421831
1.636947997
1.451716922
1.28538746
1.137827975
1.012489951
0.8974411348
0.7978862639
0.7086810711
0.6288800619
0.5578878886
0.4910173082
0.4332246806
0.3874215189
0.3410073007
0.3026961289
0.2645179553
0.2343959075
0.2065007439
0.1816319671
0.159712119
0.1419253167
0.1249231526
0.1108266176
0.100773301
0.08991149286
0.07872124615
0.06929507732
0.0613102689
0.05368682563
0.04676510905
0.04115672635
0.03683535623
0.03249074258
0.02962154589
0.02707466226
0.02462797571
0.02234722265
0.01992478271
0.0177324687
0.01632429792
0.01471015803
0.01310287136
0.01230423563
0.01095450275
0.00962753338
0.008113460367
0.006655040515
0.005534440081
0.004557492306
0.003847656394
0.003849565812
0.003996060505
