118.5010401
62.51434227
43.74401219
34.28877632
28.56655275
24.71553374
21.93708509
19.83140854
18.17605957
16.83733233
15.72996602
13.99885936
12.70134794
11.68758622
10.87025681
9.898835754
9.138464694
8.523956177
7.863734568
7.215296043
6.70140609
6.206699177
5.746288463
5.373963195
4.98599129
4.639357283
4.305007572
4.013133684
3.740102337
3.489024567
3.260450187
3.035767649
2.837400723
2.649701566
2.475587165
2.312126096
2.158053531
2.018114639
1.88519431
1.761572279
1.646672908
1.540052773
1.440365023
1.346934826
1.259431881
1.177673126
1.101511202
1.03009074
0.963575861
0.9014873789
0.8431690979
0.7887913445
0.7379865403
0.6903379511
0.6458170715
0.6042347445
0.5652973393
0.5289004328
0.4948928628
0.4630221154
0.4332665156
0.4054212097
0.3793792643
0.355034921
0.3322791865
0.3110024067
0.2911371514
0.2725773907
0.2552572314
0.2391009914
0.2240481687
0.2100332061
0.1970112946
0.1849356153
0.1737689199
0.1634779298
0.1540401544
0.1454402018
0.1376672757
0.1307208059
0.1246076778
0.1193400721
0.1149363525
0.1114178139
0.1088073326
0.1071260981
0.1063908327
0.1066119758
0.1077925934
0.1099285853
0.1130105271
0.1170260018
